--- Scenario S3_PredEnv_ScarceRes ---
S3 collapse mean time 30.46
    Collapse types: ThetaT_Breach_PE:28, Fcrit_Depletion_Agent:2
S3 vs S1 (stable) PE_abs: 0.176 vs 0.176 (p=8.270e-01)
S3 vs S1 (stable) g_lever: 2.082 vs 2.964 (p=6.907e-75)
S3 vs S1 (stable) beta_lever: 0.579 vs 0.702 (p=1.063e-43)
S3 vs S1 (stable) fcrit_lever: 16.532 vs 124.391 (p=4.732e-98)
S3 vs S1 (stable) speed_td: 1.010 vs 0.574 (p=9.720e-51)
S3 vs S1 (stable) couple_td: 0.682 vs nan (p=nan)
S3_PredEnv_ScarceRes PreCollapse vs Baseline PE_abs: 0.175 vs 0.177 (p=1.413e-01)
S3_PredEnv_ScarceRes PreCollapse vs Baseline g_lever: 2.079 vs 1.996 (p=6.066e-11)
S3_PredEnv_ScarceRes PreCollapse vs Baseline beta_lever: 0.580 vs 0.277 (p=2.635e-11)
S3_PredEnv_ScarceRes PreCollapse vs Baseline fcrit_lever: 16.596 vs 27.959 (p=3.020e-11)
S3_PredEnv_ScarceRes PreCollapse vs Baseline speed_td: 1.007 vs 0.868 (p=8.153e-11)
S3_PredEnv_ScarceRes PreCollapse vs Baseline couple_td: 0.680 vs 0.216 (p=3.020e-11)
S3_PredEnv_ScarceRes Quadrant distribution χ² p=1.466e-10
Summary Table (Stable Metrics):
     Metric  PreCollapse  Baseline
     PE_abs     0.175035  0.176589
    g_lever     2.079411  1.996373
 beta_lever     0.579633  0.277333
fcrit_lever    16.596109 27.958818
   speed_td     1.007436  0.868029
  couple_td     0.680451  0.215946
S3_PredEnv_ScarceRes: PE_abs slope=0.0011 (R2=0.03), max=0.29 at t=28.5, min=0.00 at t=16.0
S3_PredEnv_ScarceRes: g_lever slope=0.0046 (R2=0.16), max=2.33 at t=29.1, min=1.92 at t=20.0
S3_PredEnv_ScarceRes: beta_lever slope=0.0135 (R2=0.68), max=0.62 at t=22.5, min=0.21 at t=0.1
S3_PredEnv_ScarceRes: fcrit_lever slope=-0.5126 (R2=0.90), max=30.00 at t=0.1, min=10.16 at t=30.5
S3_PredEnv_ScarceRes: speed_td slope=0.0159 (R2=0.08), max=1.55 at t=29.1, min=0.04 at t=7.3
S3_PredEnv_ScarceRes: couple_td slope=0.0145 (R2=0.15), max=0.98 at t=5.9, min=-0.02 at t=6.2
S3_PredEnv_ScarceRes: PE_abs STD@t20=0.02; max spread=0.14
S3_PredEnv_ScarceRes: g_lever STD@t20=0.03; max spread=0.17
S3_PredEnv_ScarceRes: beta_lever STD@t20=0.03; max spread=0.11
S3_PredEnv_ScarceRes: fcrit_lever STD@t20=0.40; max spread=2.22
S3_PredEnv_ScarceRes: speed_td STD@t20=0.01; max spread=0.40
S3_PredEnv_ScarceRes: couple_td STD@t20=0.08; max spread=inf
Baseline correlations:
              g_lever  beta_lever  fcrit_lever    PE_abs
g_lever      1.000000   -0.033811    -0.815681  0.296347
beta_lever  -0.033811    1.000000    -0.031534  0.028915
fcrit_lever -0.815681   -0.031534     1.000000 -0.321488
PE_abs       0.296347    0.028915    -0.321488  1.000000
Pre-collapse correlations:
              g_lever  beta_lever  fcrit_lever    PE_abs
g_lever      1.000000   -0.463352    -0.948299  0.590605
beta_lever  -0.463352    1.000000     0.308943  0.231665
fcrit_lever -0.948299    0.308943     1.000000 -0.722375
PE_abs       0.590605    0.231665    -0.722375  1.000000
